[7, 6, 5, 4, 3, 2, 1],[0.8333333134651184]
[2, 4, 1, 5, 6, 3, 7],[0.8166666865348816]
[3, 1, 6, 4, 5, 2, 7],[0.8361111044883728]
[4, 3, 1, 7, 5, 2, 6],[0.8694444417953491]
[3, 5, 2, 6, 1, 7, 4],[0.8666666626930237]
[5, 6, 3, 1, 7, 4, 2],[0.8555555462837219]
[5, 3, 2, 4, 1, 7, 6],[0.8611111044883728]
[7, 2, 1, 5, 3, 6, 4],[0.8472222089767456]
[1, 5, 6, 2, 7, 3, 4],[0.9166666865348816]
[7, 5, 4, 2, 3, 1, 6],[0.8472222089767456]
[6, 5, 1, 3, 2, 4, 7],[0.8833333373069763]
[1, 6, 4, 2, 3, 7, 5],[0.8527777671813965]
[1, 3, 6, 5, 2, 4, 7],[0.875]
[4, 2, 3, 1, 7, 6, 5],[0.8555555462837219]
[1, 3, 4, 5, 6, 2, 7],[0.9000000119209289]
[3, 6, 7, 1, 5, 4, 2],[0.8722222208976745]
[1, 3, 7, 6, 2, 4, 5],[0.8499999880790711]
[5, 6, 2, 1, 3, 7, 4],[0.8972222328186035]
[1, 3, 6, 2, 7, 4, 5],[0.824999988079071]
[7, 6, 5, 4, 3, 2, 1],[0.8638888955116272]
[1, 4, 7, 5, 2, 3, 6],[0.8694444417953491]
[4, 1, 6, 7, 2, 5, 3],[0.8777777791023255]
[7, 4, 6, 3, 1, 5, 2],[0.8472222089767456]
[2, 5, 4, 7, 3, 1, 6],[0.8916666746139527]
[1, 6, 4, 2, 3, 5, 7],[0.8888888955116272]
[5, 3, 6, 2, 4, 7, 1],[0.9083333492279053]
[7, 1, 4, 5, 6, 2, 3],[0.8861111164093017]
[7, 2, 4, 3, 1, 5, 6],[0.8499999880790711]
[1, 5, 7, 2, 4, 6, 3],[0.8694444417953491]
[4, 1, 6, 2, 7, 3, 5],[0.8611111044883728]
[3, 7, 1, 4, 6, 2, 5],[0.8694444417953491]
[1, 6, 3, 2, 5, 7, 4],[0.8222222447395324]
[5, 7, 4, 3, 6, 1, 2],[0.9000000119209289]
[4, 1, 7, 2, 3, 5, 6],[0.9083333492279053]
[3, 1, 5, 4, 6, 7, 2],[0.8583333253860473]
[2, 5, 6, 4, 7, 3, 1],[0.8777777791023255]
[6, 4, 7, 2, 1, 5, 3],[0.8944444537162781]
[2, 4, 6, 5, 7, 3, 1],[0.8388888835906982]
[7, 6, 5, 4, 3, 2, 1],[0.8555555462837219]
[5, 7, 6, 2, 4, 1, 3],[0.8722222208976745]
[2, 1, 6, 4, 7, 3, 5],[0.8944444537162781]
[2, 5, 4, 1, 6, 7, 3],[0.8694444417953491]
[1, 5, 2, 7, 4, 3, 6],[0.8861111164093017]
[7, 1, 4, 3, 6, 5, 2],[0.8694444417953491]
[5, 2, 3, 7, 6, 1, 4],[0.8916666746139527]
[2, 4, 7, 3, 5, 6, 1],[0.8833333373069763]
[7, 6, 2, 5, 1, 3, 4],[0.8472222089767456]
[5, 6, 2, 4, 7, 1, 3],[0.8833333373069763]
[2, 1, 4, 3, 5, 6, 7],[0.9083333373069763]
[5, 3, 2, 7, 6, 1, 4],[0.8805555582046509]
[4, 2, 6, 3, 1, 5, 7],[0.8194444417953491]
[2, 5, 4, 3, 6, 7, 1],[0.8527777671813965]
[4, 1, 2, 6, 3, 7, 5],[0.9166666626930237]
[1, 3, 6, 5, 7, 2, 4],[0.8666666626930237]
[6, 5, 2, 1, 3, 7, 4],[0.830555546283722]
[3, 6, 7, 2, 5, 1, 4],[0.8805555582046509]
[5, 3, 4, 2, 6, 1, 7],[0.8833333492279053]
[5, 7, 1, 6, 3, 4, 2],[0.875]
[1, 3, 6, 2, 4, 7, 5],[0.8527777671813965]
[7, 2, 3, 1, 6, 5, 4],[0.9305555701255799]
[5, 7, 1, 6, 2, 4, 3],[0.9083333373069763]
[6, 3, 2, 4, 7, 5, 1],[0.8833333373069763]
[4, 6, 3, 1, 2, 7, 5],[0.8416666507720947]
[7, 4, 2, 6, 1, 3, 5],[0.8194444298744201]
[4, 7, 3, 1, 2, 5, 6],[0.8361110925674439]
[2, 7, 3, 5, 6, 4, 1],[0.7972222328186035]
[2, 6, 1, 3, 4, 7, 5],[0.8694444417953491]
[5, 2, 7, 1, 6, 4, 3],[0.8527777671813965]
[2, 5, 3, 4, 7, 6, 1],[0.875]
[7, 5, 3, 6, 2, 4, 1],[0.8833333373069763]
[6, 2, 3, 7, 5, 4, 1],[0.8777777791023255]
[1, 6, 7, 2, 4, 5, 3],[0.8805555582046509]
[3, 4, 7, 1, 2, 5, 6],[0.8694444417953491]
[1, 4, 5, 3, 7, 6, 2],[0.8722222208976745]
[4, 6, 5, 1, 2, 3, 7],[0.8805555582046509]
[5, 1, 4, 7, 6, 2, 3],[0.8611111044883728]
[2, 3, 1, 4, 5, 7, 6],[0.8611111164093017]
[1, 3, 6, 5, 2, 7, 4],[0.9055555701255799]
[3, 2, 6, 7, 5, 4, 1],[0.9055555701255799]
[5, 7, 4, 1, 6, 3, 2],[0.8805555582046509]
[1, 3, 6, 2, 7, 4, 5],[0.8222222208976746]
[1, 2, 3, 6, 4, 7, 5],[0.8694444417953491]
[6, 5, 2, 3, 7, 1, 4],[0.8333333253860473]
[4, 3, 2, 7, 6, 1, 5],[0.8611111044883728]
[5, 3, 2, 7, 4, 6, 1],[0.8555555462837219]
[4, 5, 7, 6, 2, 3, 1],[0.8138889074325562]
[7, 5, 6, 2, 3, 1, 4],[0.8777777791023255]
[4, 2, 7, 3, 6, 5, 1],[0.8694444417953491]
[7, 3, 5, 1, 6, 4, 2],[0.9222222447395325]
[5, 4, 6, 1, 2, 7, 3],[0.8638888835906983]
[5, 2, 3, 6, 1, 7, 4],[0.8694444417953491]
[4, 1, 6, 5, 3, 2, 7],[0.9138889074325561]
[3, 4, 6, 1, 5, 7, 2],[0.9166666626930237]
[5, 3, 4, 1, 7, 2, 6],[0.8833333373069763]
[5, 7, 6, 3, 1, 4, 2],[0.9166666746139527]
[3, 6, 7, 4, 2, 5, 1],[0.800000011920929]
[4, 6, 5, 3, 2, 7, 1],[0.875]
[1, 2, 7, 3, 6, 5, 4],[0.9055555701255799]
[2, 5, 3, 4, 6, 7, 1],[0.8833333373069763]
[6, 4, 5, 1, 7, 3, 2],[0.875]
[4, 6, 2, 5, 3, 1, 7],[0.9027777910232544]
[5, 4, 6, 2, 1, 3, 7],[0.85]
[5, 2, 1, 7, 4, 6, 3],[0.8916666746139527]
[2, 4, 6, 5, 3, 7, 1],[0.8722222208976745]
[3, 4, 6, 5, 7, 2, 1],[0.8055555701255799]
[1, 6, 4, 2, 7, 5, 3],[0.8527777671813965]
[7, 3, 1, 2, 6, 5, 4],[0.8777777791023255]
[1, 5, 7, 6, 4, 3, 2],[0.8361111044883728]
[5, 2, 3, 1, 4, 7, 6],[0.8944444537162781]
[7, 5, 2, 1, 3, 6, 4],[0.8416666507720947]
[6, 3, 7, 1, 4, 2, 5],[0.8694444417953491]
[3, 5, 6, 7, 2, 1, 4],[0.9166666865348816]
[4, 7, 3, 5, 1, 6, 2],[0.8527777671813965]
[3, 7, 6, 1, 5, 2, 4],[0.8444444298744201]
[7, 6, 1, 3, 5, 2, 4],[0.8805555582046509]
[1, 6, 4, 5, 3, 2, 7],[0.8472222089767456]
[5, 7, 6, 3, 4, 1, 2],[0.9055555701255799]
[4, 7, 6, 5, 1, 3, 2],[0.8416666626930237]
[2, 6, 1, 3, 5, 4, 7],[0.8416666507720947]
[7, 1, 5, 4, 2, 6, 3],[0.8694444417953491]
[4, 6, 7, 1, 2, 5, 3],[0.8888888955116272]
[1, 5, 4, 6, 7, 3, 2],[0.8722222208976745]
[2, 7, 5, 3, 6, 1, 4],[0.825000011920929]
[6, 4, 7, 1, 3, 2, 5],[0.8416666507720947]
[1, 7, 3, 6, 4, 5, 2],[0.8555555462837219]
[4, 2, 7, 3, 5, 1, 6],[0.8861111164093017]
[4, 3, 1, 5, 7, 6, 2],[0.8666666626930237]
[3, 7, 6, 5, 1, 2, 4],[0.8777777791023255]
[3, 2, 5, 4, 6, 7, 1],[0.8722222208976745]
[3, 1, 2, 7, 4, 5, 6],[0.8444444298744201]
[7, 6, 1, 3, 5, 4, 2],[0.8527777671813965]
[2, 3, 5, 4, 7, 6, 1],[0.9000000119209289]
[4, 1, 3, 5, 2, 6, 7],[0.8527777671813965]
[2, 1, 5, 3, 4, 7, 6],[0.8777777791023255]
[3, 1, 4, 2, 7, 5, 6],[0.8527777671813965]
[5, 1, 2, 7, 6, 3, 4],[0.8333333134651184]
[4, 1, 6, 3, 5, 7, 2],[0.9000000119209289]
[6, 7, 3, 5, 4, 1, 2],[0.8333333253860473]
[2, 3, 7, 4, 5, 6, 1],[0.8361111044883728]
[1, 6, 7, 4, 2, 5, 3],[0.9027777791023255]
