训练集： [0.9855164289474487, 0.986959022283554, 0.9863242864608764, 0.9857472479343414, 0.9861511707305908, 0.9857472538948059, 0.9855164289474487, 0.9851702213287353, 0.9855164349079132, 0.9867859125137329]
验证集: [0.9559585511684418, 0.9533678710460662, 0.9538860082626343, 0.9497409343719483, 0.9544041514396667, 0.9533678710460662, 0.9549222826957703, 0.9523316025733948, 0.9518134713172912, 0.9538860082626343

训练集： [0.9881131052970886, 0.9887478470802307, 0.9875937640666962, 0.9887478411197662, 0.9877091765403747, 0.9886901438236236, 0.9864396929740906, 0.9873052477836609, 0.9888632535934448, 0.987420654296875]
验证集: [0.9388600945472717, 0.9430051982402802, 0.9424870491027832, 0.9357513010501861, 0.9373057007789611, 0.9404145121574402, 0.9393782377243042, 0.9373057007789611, 0.9378238320350647, 0.9404145121574402]
训练集平均，验证集平均： 0.9879630726575851 0.9392746138572694

训练集： [0.9870167255401612, 0.9864396929740906, 0.9875360667705536, 0.9869013249874115, 0.9872475445270539, 0.9867282032966613, 0.9873629510402679, 0.9870744228363038, 0.9878245770931244, 0.9855164289474487] 
验证集: [0.9424870491027832, 0.9440414488315583, 0.9430051863193512, 0.9466321229934692, 0.9414507746696472, 0.9440414488315583, 0.9414507746696472, 0.9419689059257508, 0.9450777173042297, 0.9424870491027832] 
训练集平均，验证集平均： 0.9869647938013077 0.9432642477750779  

所有门：tanh:

训练集： [0.9961915850639343, 0.9961338818073273, 0.9963646948337554, 0.9962492883205414, 0.9967686176300049, 0.9967686176300049, 0.9963069915771484, 0.9961338818073273, 0.9972302436828613, 0.9966532111167907] 
验证集: [0.9295336723327636, 0.9305699408054352, 0.9290155410766602, 0.9341968894004822, 0.9290155291557312, 0.9259067296981811, 0.9238341987133026, 0.9279792666435241, 0.9290155410766602, 0.9284974157810211]  
训练集平均，验证集平均： 0.9964801013469696 0.9287564724683761  

训练集： [0.9960184752941131, 0.9957876622676849, 0.9955568492412568, 
0.9966532111167907, 0.9952106297016143, 0.9961915850639343, 0.9954991459846496, 0.9957299590110779, 0.9952106297016143, 0.9961915850639343] 
验证集: [0.9274611353874207, 0.9305699408054352, 0.9269430041313171, 0.9227979302406311, 0.9300518155097961, 0.9243523299694061, 0.9279792606830597, 0.9227979242801666, 0.9284973978996277, 0.9310880839824677]  
训练集平均，验证集平均： 0.9958049732446671 0.9272538822889329   

训练集： [0.9963069915771484, 0.9960184752941131, 0.9963069915771484, 
0.9544143199920654, 0.9967109143733979, 0.9960184752941131, 0.9959607720375061, 0.9965378046035767, 0.9953837394714355, 0.9953260362148285] 
验证集: [0.9191709816455841, 0.9181347072124482, 0.9222797870635986, 0.8901554346084595, 0.9253886044025421, 0.9264248609542847, 0.9253885984420777, 0.9248704552650452, 0.9202072560787201, 0.9170984506607056]  
训练集平均，验证集平均： 0.9918984520435332 0.9189119136333467  

所有门：sigmod:

训练集： [0.9177149355411529, 0.9183496773242951, 0.9185227990150452, 
0.9185805082321167, 0.9178880453109741, 0.9181188702583313, 0.918811309337616, 0.9168493807315826, 0.9175995349884033, 0.9186959087848663]  
验证集: [0.9160621762275696, 0.9160621762275696, 0.9176165759563446, 0.9160621762275696, 0.9181347191333771, 0.915544044971466, 0.9139896392822265, 0.9176165819168091, 0.9150259077548981, 0.9160621762275696]   
训练集平均，验证集平均： 0.9181130969524383 0.9162176173925399  


训练集： [0.9173687100410461, 0.9180034637451172, 0.9192729234695435, 
0.9189267158508301, 0.91777263879776, 0.9175418198108674, 0.9189844310283661, 0.9185227990150452, 0.917830353975296, 0.9173110127449036]    
验证集: [0.9253886044025421, 0.9227979302406311, 0.9227979242801666, 0.9227979242801666, 0.9243523240089416, 0.9238341987133026, 0.9222797930240632, 0.9238341927528382, 0.9248704612255096, 0.9227979302406311]  
训练集平均，验证集平均： 0.9181534868478775 0.9235751283168792   

训练集： [0.9230236709117889, 0.9221581280231476, 0.9226774573326111, 
0.9231967806816102, 0.9230236768722534, 0.9214079856872559, 0.9225620448589325, 0.9230236768722534, 0.9219850182533265, 0.9221581220626831] 
验证集: [0.897927463054657, 0.8953367829322815, 0.898963725566864, 0.8974093198776245, 0.89430051445961, 
0.896891188621521, 0.8953367829322815, 0.8958549261093139, 0.8968911945819855, 0.8927461087703705]       
训练集平均，验证集平均： 0.9225216561555862 0.8961658006906511   

relu:

训练集： [0.9623773753643036, 0.9608770906925201, 0.9246970534324646, 
0.9616849303245545, 0.9616849243640899, 0.9619157493114472, 0.9615118205547333, 0.9240623116493225, 0.9622619688510895, 0.9643392860889435] 
验证集: [0.9357512950897217, 0.9321243405342102, 0.897927463054657, 0.9362694323062897, 0.9367875635623932, 0.9347150206565857, 0.9362694382667541, 0.904663211107254, 0.9352331697940827, 0.9357512891292572]    
训练集平均，验证集平均： 0.9545412510633469 0.9285492223501205  

relu  代替sigmod

训练集： [0.9737449526786804, 0.9742065846920014, 0.9761107921600342, 0.9371609926223755, 0.9758799731731415, 0.9338141977787018, 0.9745528042316437, 0.9754760563373566, 0.9356607019901275, 0.9368147730827332]
验证集: [0.9450777113437653, 0.9507772028446198, 0.9497409403324127, 0.9207253873348236, 0.9481865167617798, 0.9202072501182557, 0.9430051803588867, 0.9466321229934692, 0.9186528563499451, 0.9181347131729126]
训练集平均，验证集平均： 0.9593421828746796 0.9361139881610869

训练集： [0.9781304061412811, 0.9776687800884247, 0.9794575810432434, 0.9792267680168152, 0.9787074387073517, 0.9758799791336059, 0.9776687800884247, 0.9768032312393189, 0.9817657113075257, 0.97795729637146]
验证集: [0.9616580367088318, 0.9575129568576812, 0.9595854938030243, 0.9585492312908173, 0.9637305796146393, 0.9585492193698884, 0.9575129568576812, 0.9606217622756958, 0.9632124364376068, 0.9611398994922637]
训练集平均，验证集平均： 0.9783265972137452 0.9602072572708129

训练集： [0.9781304061412811, 0.97795729637146, 0.9784766256809234, 0.9785920321941376, 0.9364108502864837, 0.9765724182128906, 0.9781881093978881, 0.9794575810432434, 0.9335256814956665, 0.936180031299591]
验证集: [0.9678756654262543, 0.9740932703018188, 0.9683937907218934, 0.9704663276672363, 0.9341969013214111, 0.9715025901794434, 0.9668393790721893, 0.9683937847614288, 0.9347150385379791, 0.9347150266170502]
训练集平均，验证集平均： 0.9653491032123567 0.9591191774606704

训练集： [0.9793998777866364, 0.9788228452205658, 0.9798615038394928, 0.9385458707809449, 0.9783035159111023, 0.9784766256809234, 0.9776110768318176, 0.9764570116996765, 0.9789959549903869, 0.9780727028846741]
验证集: [0.9347150325775146, 0.9388601064682007, 0.9398963630199433, 0.8979274690151214, 0.9409326493740082, 0.9378238320350647, 0.9383419752120972, 0.9378238260746002, 0.9409326434135437, 0.9388601064682007]
训练集平均，验证集平均： 0.9744546985626222 0.9346114003658295

sigmoid1 relu2:

训练集： [0.9829197764396668, 0.9840738475322723, 0.9830351829528808, 0.9830351829528808, 0.9829774796962738, 0.9826312601566315, 0.9825735628604889, 0.9837276220321656, 0.9834968090057373, 0.9832659959793091]
验证集: [0.9414507865905761, 0.9450777292251586, 0.9455958604812622, 0.9414507806301117, 0.9445595979690552, 0.9445595920085907, 0.9471502661705017, 0.9445595860481262, 0.9450777173042297, 0.9461139917373658]
训练集平均，验证集平均： 0.9831736719608306 0.9445595908164979

训练集： [0.9815926015377044, 0.9833236992359161, 0.9826889634132385, 0.9826889634132385, 0.9806116461753845, 0.982111930847168, 0.9826889634132385, 0.9827466666698456, 0.9836699187755584, 0.98274667263031]
验证集: [0.9398963749408722, 0.9362694323062897, 0.9316062033176422, 0.9352331578731536, 0.9310880780220032, 0.9305699467658997, 0.9331606090068817, 0.9352331578731536, 0.9347150266170502, 0.9310880839824677]
训练集平均，验证集平均： 0.9824870026111603 0.9338860070705414



原始LSTM: 葡萄干数据集：
训练集： [0.8798611104488373, 0.8809722185134887, 0.8791666746139526, 0.879583328962326, 0.881805545091629, 0.8794444322586059, 0.880694454908371, 0.8805555522441864, 0.8790277659893035, 0.8790277779102326]
验证集: [0.8876543283462525, 0.8913580298423767, 0.8913580298423767, 0.8925925970077515, 0.8913580298423767, 0.8827160596847534, 0.8888888955116272, 0.8913580298423767, 0.8925925970077515, 0.8925925970077515]
训练集平均，验证集平均： 0.8800138860940934 0.8902469193935396